59 1 60 54 62 25 58 40 67 57 87 95 94 83 42 92 18 65 80 27 58 55 89 48 46 11 56 4 24 93 39 67 29 61 96 94 65 22 63 27 3 63 25 29 93 79 68 90 94 93 84 83 28 9 97 33 79 10 85 30 54 39 47 41 29 50 84 59 84 18 64 26 76 57 59 32 90 28 11 85 39 76 89 55 36 55 51 35 51 26 84 36 57 19 20 87 6 48 66 55
89 35 57 80 2 44 83 26 96 41 47 60 27 63 68 73 7 2 79 3 67 96 45 83 85 100 37 32 8 53 17 59 75 27 81 86 25 65 5 59 46 18 100 9 51 73 71 38 78 20 53 97 43 16 78 48 36 37 9 40 93 74 17 59 46 98 56 64 85 96 92 37 23 68 22 33 39 54 67 11 60 98 47 27 97 22 72 50 77 11 98 74 50 63 81 24 28 76 67 5
24 37 35 85 26 81 60 9 96 14 63 77 64 53 1 54 82 5 72 96 15 13 73 61 85 30 61 31 79 95 51 2 25 64 86 77 43 64 41 48 100 49 69 60 66 51 75 46 3 17 84 31 56 89 56 92 98 90 94 83 65 59 21 39 66 34 67 34 37 95 34 89 15 60 71 19 18 6 84 94 46 63 50 50 28 89 17 63 53 85 56 57 15 45 30 53 90 72 79 6
33 78 30 24 78 24 49 25 97 87 31 23 31 25 31 34 75 3 10 71 89 12 16 31 8 91 99 71 1 17 77 58 24 87 87 14 15 43 37 51 36 36 68 23 29 21 56 75 68 11 63 25 9 8 66 54 94 53 80 7 29 49 74 100 81 2 22 64 35 33 68 62 81 66 61 100 57 63 86 29 30 37 94 1 40 67 17 85 78 88 90 83 54 39 86 39 32 6 42 47
55 60 68 10 65 21 35 41 25 52 32 45 17 87 95 76 34 97 92 72 88 93 86 32 77 91 79 7 53 50 79 18 13 12 77 73 4 5 60 30 66 90 69 19 17 67 18 60 31 87 90 36 67 18 60 49 100 28 15 92 97 67 60 53 65 34 56 91 83 98 81 28 82 92 47 35 72 2 88 2 25 11 21 52 100 55 56 38 89 16 78 73 1 12 39 39 31 56 84 57
10 52 29 3 68 48 40 77 45 74 66 92 34 89 92 5 50 75 54 62 38 60 18 75 19 23 94 79 75 17 56 86 20 46 66 69 15 5 44 52 68 30 73 3 67 11 13 17 58 6 26 16 25 31 43 78 2 66 94 48 15 53 18 1 22 94 47 43 5 20 45 28 100 31 34 24 47 55 14 45 16 60 69 89 95 100 52 86 44 31 27 1 50 52 78 97 4 96 8 98
18 45 30 27 11 71 99 50 99 37 66 33 58 70 13 51 24 55 21 98 84 2 53 93 74 94 65 51 9 65 4 35 19 2 75 6 64 71 100 98 92 25 83 41 57 94 43 62 96 7 70 49 11 95 49 83 85 18 72 64 10 50 20 99 56 81 20 99 37 14 97 60 63 99 13 62 95 68 47 87 96 30 46 9 61 95 25 51 74 6 30 81 95 96 26 39 34 73 83 94
18 2 40 82 30 27 44 90 42 30 12 4 10 86 51 45 79 98 54 18 77 48 44 88 48 18 29 89 40 23 92 96 78 88 65 69 58 93 84 55 41 23 47 58 64 42 35 30 36 56 89 26 21 3 22 49 53 89 76 33 84 29 66 9 84 13 4 56 56 62 67 64 54 76 52 84 1 81 68 46 84 48 83 82 6 49 85 91 65 69 58 9 28 85 35 72 40 33 63 62
81 90 59 28 50 97 53 55 45 8 46 46 39 59 96 22 94 15 36 4 76 63 6 34 58 65 22 41 27 94 89 7 35 78 69 4 43 6 2 34 18 12 11 75 78 15 31 43 37 70 72 68 13 69 86 95 29 3 56 35 92 97 27 80 9 12 23 8 38 90 85 96 44 90 33 94 27 65 95 72 72 38 84 32 40 23 5 31 56 30 45 70 11 3 38 38 32 14 82 2
5 43 83 37 72 86 30 85 83 78 15 81 3 33 51 16 30 24 59 26 26 97 96 94 21 31 33 89 53 21 93 27 100 94 85 88 26 61 31 49 58 2 58 66 17 39 46 43 75 54 14 3 55 45 54 49 36 46 1 66 6 29 95 83 64 53 16 81 85 29 7 7 23 67 5 45 93 70 91 24 42 87 10 35 83 91 38 73 46 64 8 8 29 10 39 17 14 81 35 8
81 80 28 70 99 78 90 95 39 77 22 85 41 30 40 73 52 96 11 62 5 77 86 70 25 16 79 28 81 82 35 50 70 24 21 45 14 98 91 95 41 92 7 98 15 28 34 76 33 42 75 35 16 100 90 52 71 11 16 65 79 29 12 89 67 71 47 10 98 31 22 8 93 28 37 45 94 54 91 71 38 71 76 74 49 44 21 76 50 3 98 84 61 35 92 1 97 81 28 98
100 31 98 18 44 76 4 39 78 51 36 53 29 56 7 21 16 56 73 80 60 71 6 4 2 75 95 62 48 35 41 27 16 86 31 94 35 56 78 75 40 45 49 71 55 15 3 72 13 57 19 97 6 28 98 57 65 19 59 57 3 60 43 48 67 52 43 68 42 6 41 31 38 10 21 63 16 59 26 11 45 55 10 50 13 36 63 18 16 84 14 24 53 46 39 55 91 30 24 15
36 28 1 6 73 24 38 43 61 41 44 22 73 7 87 50 95 2 23 67 50 66 10 85 27 89 83 60 87 7 15 68 26 92 99 57 85 43 46 37 52 94 33 55 2 5 8 88 82 77 33 85 60 55 73 62 83 81 87 79 72 53 37 62 17 100 16 37 45 58 41 95 55 67 32 76 63 16 3 69 52 45 50 100 14 29 18 31 68 63 54 20 46 24 78 65 89 3 90 44
92 20 13 20 31 80 76 77 53 63 54 96 10 40 77 10 19 70 34 50 6 78 56 40 23 52 82 36 13 65 25 76 60 47 73 69 28 18 48 18 8 83 91 77 61 20 93 82 9 23 31 53 30 26 37 30 21 75 97 7 16 37 69 31 55 31 94 19 54 22 12 18 14 24 30 27 30 48 24 92 25 59 38 87 72 96 21 70 17 50 28 60 98 44 78 93 74 81 48 100
14 52 38 67 100 77 52 28 59 5 70 86 12 84 80 45 41 28 32 27 22 93 26 64 76 95 7 10 9 19 78 63 24 66 30 63 32 18 98 16 75 58 80 66 69 58 25 22 51 76 17 18 36 44 87 70 96 22 34 47 7 28 63 41 33 39 7 6 74 98 75 65 47 28 100 70 43 96 78 89 97 75 53 99 59 40 23 92 44 89 84 17 85 47 91 41 20 85 91 97
28 34 47 38 51 50 98 58 37 14 73 28 6 86 85 30 14 56 64 53 89 52 100 34 56 77 95 86 60 63 3 42 42 76 53 94 58 100 12 72 35 74 12 5 38 1 72 77 89 98 35 54 84 14 6 89 16 14 64 2 60 36 1 60 60 23 7 66 70 3 38 30 78 37 91 34 54 55 90 88 40 84 80 50 3 77 75 1 71 6 69 58 85 77 41 56 74 21 9 75
83 78 46 41 96 84 22 16 17 90 22 27 10 62 40 50 26 85 22 14 93 54 80 26 83 10 6 34 50 72 42 46 53 85 99 4 45 100 10 29 49 23 74 3 58 41 38 93 63 50 65 7 57 28 43 51 14 4 40 83 13 53 28 82 34 80 15 60 91 60 57 81 39 6 15 82 14 51 40 56 96 67 47 16 91 1 47 3 36 53 46 37 7 71 71 41 7 25 100 47
7 50 53 33 88 40 99 1 29 40 50 33 14 17 7 58 70 68 96 58 66 37 3 25 9 80 99 80 41 8 45 55 56 43 58 46 75 66 53 70 38 43 71 14 61 38 76 93 2 98 67 28 67 4 50 7 16 34 15 21 33 71 92 43 99 76 71 85 94 17 82 19 33 3 66 88 66 96 90 27 21 46 68 46 53 68 42 61 10 76 93 29 80 92 49 81 99 66 61 77
96 62 56 32 90 85 48 81 78 49 90 73 45 21 56 48 32 85 86 57 42 40 76 8 52 91 9 92 82 24 90 83 84 18 62 41 8 80 72 52 86 17 65 34 74 65 50 54 58 12 76 82 29 26 15 3 70 56 46 21 74 27 56 59 98 34 43 70 77 25 71 45 31 7 83 65 50 29 74 22 35 54 26 84 13 53 6 95 35 55 75 38 61 67 63 40 41 27 13 52
5 95 90 4 58 12 35 2 18 31 56 91 91 28 47 8 78 47 95 40 82 27 79 24 28 74 28 20 88 48 63 45 23 81 77 98 8 40 4 50 19 5 9 38 61 79 80 46 45 16 12 32 9 23 25 64 24 42 85 14 13 53 28 16 65 10 27 31 25 31 13 23 47 53 43 92 96 87 68 88 90 89 99 10 20 89 26 21 35 7 95 1 52 86 95 41 85 15 18 6
34 82 3 35 14 54 62 11 96 59 64 6 78 59 42 41 49 84 49 52 67 83 51 7 4 41 40 39 84 63 96 39 78 62 14 74 68 46 26 9 47 7 2 99 86 77 1 44 53 48 14 74 69 98 21 6 19 55 73 72 38 27 54 93 64 54 29 90 74 38 65 62 19 88 13 93 62 46 38 49 11 26 87 23 66 99 63 45 59 12 84 83 66 94 37 84 34 71 75 68
79 65 45 41 24 2 67 86 35 43 85 56 26 60 11 36 1 89 84 16 59 45 76 71 98 25 84 81 34 52 35 33 39 80 37 20 40 26 98 42 40 70 94 55 67 68 62 34 37 67 94 88 38 45 26 25 100 85 29 57 61 31 45 7 97 56 98 46 31 86 37 35 53 72 88 5 44 19 41 27 23 70 6 3 21 90 8 42 8 18 80 55 10 62 62 52 64 24 86 58
60 52 23 75 34 42 67 27 12 32 54 62 19 87 19 29 93 13 42 49 36 22 22 29 74 6 16 13 6 18 58 77 82 8 61 99 19 82 41 97 82 73 39 3 70 27 20 49 100 12 67 11 98 7 89 27 69 78 42 58 9 49 49 73 11 42 95 37 79 60 26 90 64 16 10 88 4 13 52 60 23 34 95 3 62 77 92 27 36 55 22 55 91 47 10 14 99 100 52 60
18 85 58 15 37 16 52 62 80 64 8 26 99 66 10 6 58 87 59 26 76 46 39 52 99 54 10 87 15 94 12 63 87 14 90 2 35 57 72 29 6 13 63 17 88 100 77 87 53 3 83 94 32 30 73 88 92 70 91 17 100 69 21 79 35 66 21 97 2 72 10 24 42 86 52 35 93 92 1 5 21 32 47 17 60 37 50 94 96 17 64 27 4 37 15 69 54 42 28 11
29 88 17 50 21 91 89 60 74 81 59 34 17 42 39 87 34 35 49 87 60 84 47 73 96 48 3 41 19 36 84 62 28 94 94 60 18 11 38 71 1 4 93 72 68 62 17 11 68 3 64 86 60 4 2 89 46 14 67 55 40 22 4 28 24 66 81 68 63 37 89 10 61 63 19 85 16 25 30 70 10 74 20 88 6 49 84 49 35 64 23 37 15 35 98 82 33 80 97 83
94 8 46 87 34 15 12 41 28 17 43 93 89 53 97 96 8 6 85 46 31 7 42 84 68 46 15 50 23 68 59 100 38 93 42 25 95 79 56 26 9 32 9 4 97 78 57 94 43 23 4 82 92 17 88 82 77 86 93 92 61 79 41 34 73 24 53 92 4 69 92 6 97 41 33 1 40 92 2 47 81 20 58 4 14 57 13 40 78 14 14 28 3 75 74 86 65 39 8 12
97 84 44 54 52 70 5 62 9 89 54 52 8 2 72 81 27 29 81 85 8 81 4 85 27 95 73 45 36 20 36 49 63 40 97 93 81 98 32 99 49 64 47 26 93 77 55 20 58 79 91 68 46 70 4 82 72 88 92 78 45 100 28 75 81 35 88 58 33 53 94 7 4 18 46 64 83 36 18 48 89 26 49 18 80 54 8 72 45 38 8 62 53 38 38 79 91 51 21 37
37 97 91 84 47 2 93 3 93 18 78 40 92 2 65 2 7 60 37 89 78 3 18 93 13 70 55 9 17 7 67 100 10 66 9 41 17 42 84 37 49 8 41 41 73 22 33 71 37 63 51 36 30 29 21 26 96 93 39 69 72 76 14 14 89 60 4 35 78 98 69 54 87 93 1 64 79 25 61 44 36 9 90 52 55 14 85 69 35 75 48 65 17 98 27 12 18 44 100 88
29 72 44 62 58 94 77 72 86 67 55 8 64 26 82 93 20 77 42 66 54 56 8 75 39 10 25 4 74 2 38 89 74 8 83 30 4 38 18 52 53 33 70 94 59 59 42 11 90 9 90 79 7 48 90 97 54 90 20 41 24 86 8 41 19 41 13 72 73 70 31 90 75 29 100 22 58 60 89 15 18 74 28 93 37 46 83 79 39 100 47 74 86 94 100 2 87 35 96 76
51 56 77 73 72 78 49 25 65 90 43 37 44 46 34 10 30 64 26 100 55 15 36 22 17 64 34 35 95 69 8 1 26 50 25 69 46 85 50 15 95 70 41 5 76 21 42 17 20 82 26 41 17 43 87 43 25 62 21 32 89 39 63 6 95 85 59 39 15 22 20 83 84 81 90 67 11 72 37 75 60 100 8 13 7 71 100 68 96 58 39 49 92 10 69 86 48 54 52 76
94 12 84 83 35 34 75 57 5 85 45 83 76 6 80 13 64 81 59 6 87 8 80 86 49 26 1 60 73 42 17 47 20 78 19 70 84 21 45 36 15 56 99 93 28 50 84 84 90 50 77 17 20 16 47 50 44 72 10 81 75 35 27 88 90 81 46 50 8 74 72 88 97 97 20 54 57 10 31 31 82 9 15 77 57 81 55 28 22 56 90 95 81 92 92 36 53 33 36 62
2 77 91 84 67 76 14 7 65 65 49 40 31 2 8 91 57 79 75 64 11 31 20 84 96 99 26 8 72 20 60 18 28 51 19 61 61 96 43 62 37 96 12 75 68 68 72 6 1 62 46 36 44 67 22 32 28 94 72 69 55 86 59 32 35 24 10 58 40 31 20 9 63 34 31 70 52 1 39 95 18 21 37 80 69 10 75 74 4 60 23 38 79 17 11 26 11 37 32 40
88 32 46 92 1 12 29 74 84 2 70 41 82 74 50 24 57 70 2 80 30 81 48 87 51 34 31 11 52 75 55 93 73 77 52 37 25 91 35 100 39 21 83 41 90 59 10 68 97 8 1 82 42 94 73 30 100 27 39 23 83 34 54 12 24 62 78 66 23 26 96 5 99 3 30 13 43 86 80 48 41 39 45 87 2 5 17 71 29 45 12 29 40 68 1 48 28 79 24 60
96 15 80 40 15 43 51 6 8 41 74 77 66 12 92 27 98 69 35 67 16 1 78 35 89 62 82 93 42 93 38 19 32 64 75 72 79 15 11 2 17 67 23 52 69 20 51 76 3 83 57 53 32 84 62 51 84 2 45 22 20 19 63 22 16 5 21 89 78 25 48 88 77 98 52 38 51 47 42 30 27 79 74 75 86 49 79 49 94 46 71 70 59 9 9 99 64 100 86 38
47 90 82 80 38 42 57 88 17 76 2 14 36 9 43 16 92 99 77 72 99 96 78 29 27 70 40 54 80 49 21 75 84 47 41 45 70 93 75 85 77 23 22 73 54 49 95 73 28 9 3 56 74 85 43 21 15 49 17 28 44 39 23 52 82 68 41 50 86 38 82 48 89 36 20 91 2 90 67 63 79 71 99 55 91 7 9 59 55 90 67 50 43 98 67 26 29 75 80 45
87 82 57 52 33 9 57 23 58 86 74 90 24 92 26 4 8 73 28 31 21 42 52 70 99 57 11 20 37 32 2 74 1 30 98 98 23 1 42 4 90 63 75 29 53 38 26 84 36 90 64 32 39 36 72 93 64 62 32 55 82 34 13 33 78 94 56 80 59 41 19 45 65 75 97 94 13 54 75 40 54 81 79 79 82 87 17 35 3 24 25 74 63 12 68 59 74 12 81 15
65 43 74 23 24 4 98 39 11 41 66 26 24 36 30 77 54 89 46 2 52 25 71 91 96 18 25 92 25 46 68 7 1 79 84 7 32 28 98 69 32 74 49 97 51 4 79 83 25 77 88 48 51 11 80 84 8 51 36 23 3 64 4 22 85 58 65 76 47 79 42 53 85 48 8 11 86 65 36 60 10 59 8 77 64 34 63 85 58 44 28 10 59 18 75 26 60 5 27 10
84 54 5 56 63 90 58 9 87 79 2 6 47 78 17 21 43 79 11 44 61 32 46 32 36 23 62 77 100 27 48 14 88 45 50 19 14 39 89 25 78 94 86 30 13 10 48 10 96 10 25 74 6 50 8 5 38 19 6 46 89 77 3 97 38 34 67 25 64 67 89 83 91 97 25 11 50 34 56 9 25 60 66 94 42 95 5 50 32 70 2 86 95 17 22 50 83 29 89 97
16 57 85 16 23 40 20 61 81 73 61 62 50 66 63 10 72 14 100 67 55 65 12 78 64 94 27 97 34 53 39 98 22 27 28 13 89 50 43 7 18 1 47 23 15 98 39 30 93 45 7 6 27 44 15 21 45 37 74 50 12 8 59 17 38 19 29 67 81 14 56 62 58 69 47 49 15 77 49 96 20 99 9 37 30 86 32 78 95 69 88 79 8 88 95 59 94 23 12 38
41 21 11 52 60 92 75 15 32 29 39 35 91 3 17 93 49 23 42 90 1 57 41 38 6 17 83 7 63 43 39 13 27 13 82 90 81 42 75 79 50 47 74 96 2 20 7 6 70 99 15 73 35 81 5 37 1 21 95 39 4 96 48 47 67 61 14 83 5 30 30 78 58 41 79 75 62 46 89 50 52 21 74 78 57 88 8 12 32 77 65 64 31 66 64 8 91 53 34 11
85 65 25 32 96 38 23 25 25 58 89 60 74 48 66 78 69 11 78 81 95 95 45 48 75 59 53 16 66 67 61 88 41 46 42 44 14 16 26 65 1 33 28 21 83 56 2 36 29 96 9 32 62 21 82 25 27 87 54 7 31 11 45 60 100 4 33 79 66 68 79 73 76 45 84 73 42 48 55 21 16 52 21 87 68 40 15 54 17 70 76 11 27 8 90 4 90 20 81 17
87 74 24 30 16 90 17 72 95 70 43 68 8 40 44 16 30 45 16 53 66 40 40 3 57 98 85 33 12 48 99 97 77 91 41 94 100 68 88 33 33 61 5 43 23 92 31 18 60 91 37 96 68 4 31 51 72 7 36 44 84 55 2 55 11 93 55 12 73 46 53 28 52 91 74 87 91 31 20 50 65 42 80 30 44 94 3 60 13 40 35 37 26 56 35 67 27 15 1 92
50 66 100 78 87 40 99 74 43 7 36 11 19 78 94 6 48 21 80 73 84 90 72 5 65 97 48 81 99 21 60 79 93 80 3 100 31 64 78 57 47 15 58 85 36 17 10 49 45 14 51 84 72 2 83 82 82 56 35 67 20 89 43 80 36 29 98 29 100 43 36 1 83 9 29 84 67 12 14 16 45 61 98 35 13 99 67 81 69 83 39 63 25 42 16 42 69 55 6 6
23 44 41 78 67 62 48 79 52 19 14 66 37 68 17 33 45 90 28 47 1 51 40 4 31 73 17 26 68 68 32 7 32 17 59 31 35 95 35 5 16 84 61 30 11 84 14 30 59 81 78 56 50 4 64 80 12 6 10 57 19 69 17 51 81 59 65 73 59 80 45 87 4 43 91 33 44 47 78 62 69 75 64 18 99 85 72 92 85 3 90 100 90 27 99 93 100 96 87 92
59 29 59 10 14 89 45 65 89 4 62 17 30 30 8 15 62 37 18 56 61 7 53 50 32 7 6 92 93 93 7 85 49 60 42 66 6 12 33 27 49 11 49 81 39 52 61 52 19 20 30 40 33 11 22 56 95 68 18 62 55 27 45 66 26 76 98 62 47 32 69 71 6 6 79 60 81 16 43 50 70 72 46 97 56 81 13 61 40 35 79 79 48 27 53 10 60 30 99 4
40 39 70 44 75 3 65 55 82 31 68 45 72 28 16 67 12 98 3 36 89 99 58 22 25 31 46 67 83 52 44 44 53 71 53 32 21 63 1 63 86 65 95 54 55 58 72 41 61 9 87 48 37 71 33 6 26 72 7 12 88 22 32 95 16 29 69 6 46 90 81 92 36 33 13 49 21 29 66 48 7 20 2 58 75 4 92 28 90 92 49 83 53 59 27 74 21 5 50 99
23 38 50 53 15 88 26 70 7 61 16 99 71 34 40 23 33 50 46 29 41 57 83 74 97 29 41 45 74 71 24 5 65 1 37 42 93 71 89 76 65 37 45 48 48 49 69 84 51 72 46 4 60 10 23 64 12 43 4 6 52 28 92 66 32 10 6 14 46 94 45 96 65 91 15 58 55 96 77 99 30 70 45 66 64 23 52 65 37 94 23 30 2 45 47 75 72 55 10 50
63 48 93 54 32 57 3 22 67 64 2 82 80 26 3 1 92 27 24 53 85 72 54 38 95 62 2 87 21 88 62 83 41 2 25 87 55 47 30 63 45 73 50 50 42 39 91 20 55 89 74 82 91 5 99 46 46 3 100 63 99 54 71 57 1 94 31 30 46 100 61 95 39 70 11 24 22 84 79 45 54 55 78 31 85 53 88 90 86 12 26 27 17 22 23 61 69 65 8 80
85 21 16 3 56 43 62 66 3 64 22 45 33 16 61 40 94 15 26 51 17 3 43 27 11 87 66 37 8 91 51 62 86 12 5 80 48 10 38 70 76 7 3 99 41 71 64 33 96 70 37 84 21 33 35 93 39 40 19 60 52 68 51 74 40 23 26 36 28 28 18 73 78 23 52 14 48 31 74 46 63 96 69 33 95 28 25 77 92 30 26 72 10 79 85 1 7 64 23 47
52 21 28 53 63 69 77 86 39 35 68 36 92 68 25 46 46 37 80 75 91 78 56 73 60 6 58 91 61 14 14 61 98 50 88 70 83 27 86 4 71 23 79 38 82 52 25 74 50 5 32 62 71 39 35 50 19 65 59 70 67 10 85 11 61 13 58 94 26 12 47 66 9 94 34 10 61 28 21 24 7 85 10 30 83 46 3 74 2 54 44 86 7 67 58 84 44 36 25 7
4 36 23 70 26 30 4 59 95 43 8 78 4 55 6 66 9 60 57 27 83 67 81 44 11 89 41 13 67 83 16 6 3 95 34 1 68 69 97 61 42 31 85 83 23 81 72 55 33 63 32 63 64 81 40 6 62 77 27 36 68 74 56 95 5 89 43 59 9 34 78 32 9 40 60 97 64 37 41 2 65 27 47 13 56 50 78 96 70 14 64 37 48 82 44 48 21 20 50 83
3 27 50 17 15 79 95 66 14 72 70 59 2 62 43 79 87 68 15 26 35 69 18 22 39 11 20 98 20 68 14 49 46 48 76 4 85 61 43 12 93 66 97 6 55 57 66 28 14 67 43 14 59 27 42 44 47 97 86 17 39 7 48 88 38 99 1 73 55 40 97 55 99 1 67 61 15 13 30 13 88 19 14 41 67 53 20 82 74 59 95 46 68 79 14 22 72 10 93 73
69 56 86 26 65 28 21 76 89 50 79 64 87 8 55 22 60 56 99 6 15 49 70 28 16 55 18 41 17 77 35 58 33 24 77 36 88 61 74 17 38 43 37 19 49 20 21 60 48 16 67 67 94 17 29 61 43 93 21 18 88 1 14 34 43 16 61 99 99 57 14 27 91 43 57 46 96 18 48 43 67 2 99 85 15 5 92 57 49 100 88 77 3 4 69 1 31 66 80 95
22 27 44 20 88 41 58 66 20 53 52 98 58 46 80 92 6 33 68 80 37 43 18 76 94 43 12 30 89 21 67 76 72 90 47 16 97 47 64 78 25 84 95 61 75 75 73 64 5 13 70 54 6 73 98 17 89 39 9 52 45 6 44 23 59 81 56 56 81 23 42 27 61 70 97 92 22 97 67 70 53 96 58 7 60 26 31 37 35 1 80 34 73 89 43 6 66 19 4 48
42 75 96 88 48 34 15 23 48 69 97 20 42 46 31 14 13 10 94 13 70 99 51 4 35 11 74 25 53 89 60 15 31 66 86 58 46 55 88 7 98 90 15 64 29 92 18 24 72 30 17 77 77 7 65 17 75 29 63 65 61 27 5 33 99 58 10 76 25 82 45 55 70 38 58 80 44 19 41 46 98 71 77 75 73 43 54 37 20 18 41 48 8 21 81 86 24 98 4 65
14 49 42 66 69 12 40 6 58 66 21 87 68 66 35 77 41 8 59 35 51 64 64 27 23 96 85 74 28 93 99 51 81 71 93 52 27 47 37 33 7 100 49 60 30 10 37 76 15 19 19 32 15 72 79 88 82 33 99 29 20 72 7 32 45 70 45 93 51 57 83 73 17 13 44 15 16 69 95 19 47 89 100 69 53 7 74 29 5 38 95 7 97 7 61 82 91 85 87 40
99 49 40 21 13 57 97 19 96 17 21 1 63 36 60 15 50 21 41 44 70 42 65 27 33 77 25 81 64 14 18 51 40 65 6 17 48 98 69 77 14 100 73 44 65 43 76 7 93 46 76 42 26 8 52 28 64 99 39 80 43 18 81 1 69 85 88 81 9 9 91 35 30 83 25 91 18 68 23 88 33 63 71 56 76 42 6 28 29 52 97 75 85 12 99 42 15 76 73 53
10 91 57 90 92 86 43 44 22 82 51 84 22 97 3 87 20 98 44 77 18 21 5 76 95 74 1 80 42 40 24 49 40 35 36 46 2 66 16 77 41 27 61 29 74 17 54 9 19 68 6 11 48 66 47 24 60 9 42 49 49 23 49 29 89 58 8 2 16 27 19 47 65 35 100 19 27 60 78 24 11 55 98 74 19 59 3 55 90 65 45 38 91 28 18 32 85 27 67 98
74 44 34 9 79 22 67 40 18 100 36 89 10 24 1 41 85 17 41 20 9 68 83 11 65 95 57 9 6 90 1 82 67 22 68 94 83 43 3 76 13 83 97 51 66 60 81 85 91 10 84 6 44 65 56 21 43 19 9 69 3 83 36 10 77 6 21 40 4 10 16 91 81 31 86 80 65 47 53 47 100 65 27 26 51 60 84 78 20 43 57 70 67 25 53 12 40 1 35 7
28 13 13 11 17 29 5 63 67 75 48 30 97 97 7 17 55 28 95 14 41 8 90 39 38 34 74 46 85 31 2 8 76 16 37 37 6 99 36 76 52 26 51 36 4 91 66 84 77 26 83 49 8 95 11 91 51 41 29 81 23 14 97 79 56 10 93 50 51 88 63 80 64 98 1 15 16 22 49 83 97 58 4 3 7 29 24 5 1 69 24 25 16 38 54 4 63 96 60 29
39 94 100 10 39 2 7 62 97 13 47 58 28 44 54 32 60 16 19 73 79 8 94 93 37 94 94 39 86 93 29 59 91 88 5 80 38 11 71 79 32 31 44 1 65 14 92 76 31 47 68 12 41 10 30 79 50 28 17 69 16 13 22 29 31 100 70 58 77 38 96 23 98 83 20 37 50 18 66 62 3 19 52 32 73 61 2 30 38 30 85 15 55 100 49 15 50 6 26 35
93 43 68 24 84 3 20 48 66 83 60 48 92 42 77 80 69 30 43 9 13 22 13 17 42 10 9 69 88 100 46 76 87 20 94 89 96 41 55 49 51 6 21 47 7 29 87 54 91 4 82 42 59 76 57 17 75 86 41 58 81 92 52 58 58 42 57 54 66 97 82 25 21 76 64 86 98 44 96 91 96 57 21 41 21 31 32 10 76 44 76 23 19 66 83 41 19 50 44 81
91 26 80 21 45 70 66 88 4 32 40 24 41 53 65 54 12 16 82 37 18 36 49 43 59 11 41 3 41 35 99 69 28 100 79 30 8 14 14 76 8 56 27 24 3 76 58 11 43 96 53 24 28 31 29 22 90 59 27 11 95 25 40 57 100 92 85 43 96 9 54 35 15 22 88 87 4 64 27 74 75 75 96 11 21 39 11 50 33 74 61 25 29 56 51 29 58 37 3 33
66 4 65 15 55 79 84 81 75 57 5 37 32 23 86 48 82 42 39 90 59 94 83 33 32 26 61 29 10 77 59 62 39 78 6 8 4 54 62 69 2 75 85 64 23 62 44 66 39 59 14 50 58 8 60 18 49 24 26 94 57 32 77 37 33 14 46 47 45 71 38 54 39 2 21 32 69 39 16 23 98 50 70 10 22 9 94 23 8 81 65 88 100 31 43 85 90 95 70 96
37 91 28 43 14 1 30 66 38 11 14 21 23 27 100 79 79 23 15 21 39 74 39 51 12 27 76 12 37 48 65 79 43 24 88 71 34 63 53 8 81 96 1 3 94 39 60 35 92 33 72 36 75 73 41 57 13 47 93 79 34 48 86 14 11 74 36 46 64 100 10 66 51 92 14 3 99 96 57 13 42 51 42 71 7 94 38 8 60 52 7 61 88 93 62 80 43 55 67 13
28 24 99 8 45 58 37 84 17 36 66 93 34 57 25 6 33 81 84 22 49 83 73 65 29 52 73 28 70 50 39 41 11 80 68 26 23 8 56 74 39 29 87 26 37 81 60 73 82 28 35 80 83 29 12 33 36 32 87 33 29 59 54 84 51 77 44 36 33 36 66 5 28 47 12 92 40 40 50 58 31 62 56 63 34 73 26 99 18 11 59 56 87 6 7 55 50 4 68 63
24 4 73 72 37 26 78 89 99 12 41 68 89 10 20 96 25 4 49 86 4 92 88 23 74 97 50 54 27 13 80 70 23 25 68 22 59 99 17 53 70 70 10 90 33 47 57 71 99 100 55 75 62 90 83 18 2 56 12 50 49 72 28 99 15 4 16 78 64 37 20 6 87 60 64 74 60 3 41 57 31 86 28 82 58 38 54 43 64 33 74 36 58 85 61 17 85 20 91 67
95 73 81 48 56 82 41 74 85 95 81 9 96 54 63 12 50 87 5 24 93 11 83 92 42 85 77 95 9 12 95 29 62 31 66 82 72 19 2 73 61 39 95 92 16 28 44 28 31 10 97 25 1 56 22 6 66 76 50 20 77 55 75 34 2 21 30 40 65 79 74 56 24 57 41 54 92 31 18 68 18 77 69 68 45 56 21 75 22 33 39 99 24 72 45 33 61 96 11 13
9 15 85 100 61 47 66 98 5 81 66 19 43 78 45 35 99 18 2 1 59 64 53 46 48 84 23 91 58 89 8 43 28 68 35 87 94 31 12 24 87 85 48 99 11 51 27 33 53 5 16 52 100 64 48 93 31 88 21 51 42 94 86 38 13 30 34 88 59 85 32 43 42 1 7 83 49 89 92 80 73 61 42 86 79 35 49 13 15 1 50 93 34 50 2 15 80 51 70 35
64 94 24 94 17 97 85 53 41 10 2 22 100 91 80 47 7 72 89 70 7 26 77 73 87 38 79 42 67 11 30 40 53 52 4 74 59 24 52 91 73 51 70 22 63 21 35 23 6 63 44 45 88 47 3 17 7 75 78 13 83 20 44 84 84 90 75 84 84 7 31 70 47 67 56 32 100 64 88 17 62 68 19 19 43 17 97 91 65 10 75 92 13 93 32 56 71 27 97 45
3 49 54 6 42 47 97 46 56 93 65 3 41 41 26 29 86 79 74 67 52 55 95 73 4 24 33 54 20 43 62 70 99 63 52 27 76 61 36 92 42 60 52 8 23 67 6 25 93 94 6 29 33 10 95 8 73 73 95 1 99 81 87 81 24 70 92 92 17 31 56 54 52 78 45 66 39 88 50 52 79 58 87 17 16 80 99 47 30 36 14 71 59 78 91 30 20 77 51 35
85 65 33 100 29 1 48 34 60 50 59 71 52 45 36 69 67 41 96 31 46 64 42 20 27 17 91 41 36 43 71 88 12 58 100 48 79 76 75 40 21 36 98 60 67 24 99 32 94 9 4 64 20 39 59 98 30 51 77 92 83 90 32 16 55 69 64 91 45 17 76 24 20 13 62 67 57 65 40 57 97 86 2 92 36 37 59 91 19 6 90 95 40 75 5 3 93 74 6 49
75 72 40 78 48 76 22 78 29 19 77 11 35 94 72 69 58 10 34 20 73 3 25 49 60 74 79 67 28 33 39 71 14 92 78 16 20 93 38 56 50 100 19 44 91 74 8 97 10 51 8 79 17 74 79 13 43 22 22 23 51 14 78 72 24 48 3 34 43 52 21 50 57 99 38 40 7 77 11 90 32 41 22 25 14 72 66 69 40 90 30 92 79 59 64 37 39 98 51 5
21 73 27 98 94 100 76 16 26 79 87 23 6 31 53 72 14 19 55 93 55 1 7 71 35 33 38 72 95 82 85 5 48 2 27 89 34 54 62 74 75 80 3 39 81 2 17 34 43 63 24 16 77 86 42 32 83 80 18 86 8 98 43 67 60 55 33 37 17 60 16 27 93 17 95 21 93 1 62 38 10 26 38 49 64 51 17 63 50 83 16 20 69 70 47 31 14 63 30 34
90 21 63 18 62 73 64 94 73 46 16 51 65 7 19 97 17 59 61 33 78 8 2 36 97 11 74 67 19 53 13 51 58 1 46 100 32 63 48 1 74 2 89 70 98 75 12 43 72 25 93 87 89 77 39 64 57 46 15 97 51 48 12 50 92 29 51 36 98 43 8 1 80 36 20 6 88 28 59 37 37 60 76 55 87 79 74 75 61 55 12 25 14 61 78 86 99 77 88 62
47 34 31 47 70 100 63 52 81 76 72 38 50 25 10 92 49 52 72 93 12 3 41 54 100 29 6 57 44 26 24 26 19 95 87 34 74 62 4 30 40 57 12 97 96 77 96 90 55 62 34 62 20 81 87 74 98 36 49 13 60 43 12 54 73 100 81 31 20 27 17 73 5 28 68 14 67 41 83 89 100 47 98 30 16 61 2 28 15 98 56 11 37 44 51 82 10 68 5 44
69 83 14 99 36 24 90 89 67 47 39 19 69 74 60 1 87 86 26 80 59 27 6 79 7 4 30 26 60 73 11 91 39 5 80 13 36 49 64 4 86 30 49 99 38 28 24 69 17 24 76 59 53 45 31 22 60 67 86 57 69 96 1 55 67 3 1 45 39 69 66 25 70 90 34 54 84 66 64 37 74 48 93 12 99 16 53 25 66 70 89 65 97 87 64 78 82 70 24 30
51 54 63 56 73 50 35 15 69 89 52 59 64 63 97 45 62 78 6 47 17 14 46 66 100 41 91 23 26 20 55 11 73 35 1 42 100 17 59 29 62 53 52 48 44 28 26 8 83 50 41 44 66 37 56 55 55 59 97 99 72 14 87 81 29 62 47 55 19 27 43 63 14 55 15 86 16 72 6 65 3 38 5 22 99 20 57 95 88 36 58 78 82 23 32 94 71 92 8 90
50 65 1 4 89 58 30 24 89 31 32 38 17 89 68 33 25 7 80 41 30 95 6 84 10 65 76 91 62 100 87 19 100 25 63 49 61 74 13 12 7 49 15 67 53 29 2 83 15 52 7 26 11 84 55 67 17 12 17 73 68 87 42 28 16 4 98 63 42 66 49 2 2 21 46 93 38 10 52 65 56 33 30 4 83 42 62 75 34 29 94 87 69 32 36 2 39 27 49 1
74 4 35 56 60 96 13 99 95 3 36 100 43 93 63 14 86 5 11 86 36 18 33 67 47 16 25 35 24 90 56 19 57 54 66 80 87 81 1 63 3 10 77 75 33 44 27 51 69 26 71 25 10 51 18 65 92 24 3 95 25 27 18 18 92 2 67 56 21 50 68 83 57 56 13 27 4 22 14 65 62 15 43 49 16 69 27 11 90 34 8 53 2 51 6 48 6 32 65 19
76 36 29 31 8 16 87 32 51 53 84 15 40 67 10 60 83 76 48 89 82 21 61 39 2 34 90 38 12 56 98 43 100 50 97 81 4 52 36 75 84 3 15 40 99 18 37 18 4 95 72 54 80 7 69 46 19 34 41 27 63 13 49 65 16 64 36 48 83 72 4 6 97 78 10 66 6 73 48 60 97 57 6 11 99 95 69 3 94 41 31 88 36 24 57 74 66 10 54 95
63 100 10 5 10 48 63 9 39 33 66 82 21 49 84 77 1 51 18 98 18 98 17 11 88 28 54 17 37 72 66 93 83 15 98 73 38 100 42 19 21 7 73 58 80 51 43 74 58 17 72 48 29 52 34 54 82 41 38 12 38 6 48 4 66 12 6 22 46 44 55 5 20 1 70 53 86 7 59 39 42 49 45 4 52 68 13 90 66 32 86 65 95 30 5 47 18 53 50 85
53 73 81 33 13 2 79 5 78 21 47 5 27 56 37 11 52 90 61 77 80 8 83 87 99 96 26 9 40 2 52 15 10 93 52 47 77 78 1 48 84 27 6 49 34 41 52 92 84 80 98 93 17 16 24 27 57 99 80 61 21 55 98 80 61 76 58 33 8 1 16 1 41 93 3 56 51 46 53 89 20 88 38 37 88 75 96 61 88 2 84 63 81 17 17 93 90 83 50 63
10 41 91 15 20 7 67 46 24 15 43 53 32 98 37 100 80 55 52 71 63 59 23 22 43 98 97 69 67 91 17 72 21 40 51 95 31 74 54 24 99 24 94 76 55 24 26 7 21 99 31 16 41 77 48 8 23 6 51 9 56 88 97 44 18 8 25 28 61 75 17 85 2 80 14 12 75 36 69 49 75 19 27 71 12 80 63 59 35 95 44 83 35 98 22 54 47 47 29 66
95 72 45 72 56 42 32 12 2 81 6 76 87 3 58 54 8 30 13 84 47 32 85 54 11 25 57 23 96 71 23 71 5 33 63 42 63 71 59 95 45 14 16 72 20 42 40 89 67 54 54 28 70 12 36 7 68 77 82 26 100 34 39 66 80 44 98 42 58 64 75 12 80 21 62 19 95 50 14 48 89 72 60 100 16 69 94 9 20 75 99 13 29 13 87 6 33 85 52 84
38 72 24 74 78 57 56 91 89 24 15 43 98 35 13 7 65 35 35 20 92 14 5 98 35 34 26 56 67 54 4 44 29 46 92 93 44 50 71 4 95 65 81 15 44 74 74 59 50 42 82 74 79 28 1 67 50 58 20 19 37 26 73 71 81 14 70 13 88 79 96 49 9 88 68 47 78 61 92 44 15 70 14 44 15 87 5 37 55 95 35 81 30 47 31 67 44 52 78 31
44 86 34 75 7 64 68 26 9 75 66 100 31 3 94 96 88 57 86 58 80 33 82 7 31 41 75 53 1 73 46 82 38 78 93 53 74 94 3 97 84 54 60 35 61 81 89 83 67 87 56 46 83 5 99 39 24 47 21 40 69 16 67 46 8 63 77 3 21 68 39 89 71 3 29 27 44 40 8 74 43 9 2 94 65 49 35 81 53 14 88 23 80 58 90 4 84 10 10 27
28 51 5 78 75 41 13 33 51 22 80 88 52 69 55 100 45 13 54 75 21 46 95 63 70 83 99 26 13 68 45 7 3 19 47 30 18 6 56 99 2 14 13 25 33 91 81 34 3 93 27 7 14 5 44 98 46 56 59 16 11 74 90 19 18 25 74 59 2 68 9 18 40 75 60 76 55 38 44 54 8 45 78 71 89 6 80 90 29 97 11 8 97 7 1 12 23 50 7 96
65 63 77 67 25 97 78 76 9 91 13 77 33 80 85 5 98 14 38 84 88 64 94 69 54 79 71 11 7 69 55 80 48 39 60 25 46 68 43 68 21 48 68 22 92 10 59 75 14 8 98 80 50 48 84 71 59 83 76 49 84 64 62 84 78 79 84 28 20 54 52 67 95 2 52 51 97 51 39 84 33 97 16 9 52 98 23 80 92 19 85 88 1 78 40 14 17 76 26 51
13 34 98 81 59 2 87 61 71 66 41 80 25 70 14 47 99 27 93 77 62 70 11 21 79 88 3 81 7 34 20 81 12 85 8 28 75 45 43 98 5 14 48 26 91 18 35 94 31 52 41 61 72 3 16 84 47 30 70 73 57 37 8 99 30 59 99 73 75 22 79 4 84 92 5 37 62 16 67 99 48 40 5 49 78 79 32 9 97 49 74 27 68 23 10 6 38 24 82 38
78 43 88 49 16 43 44 65 4 7 51 84 40 34 65 77 52 3 27 39 47 21 50 25 81 72 96 75 63 46 59 89 84 27 59 24 36 4 46 94 87 21 70 13 65 25 62 76 25 53 65 80 77 94 85 83 39 93 48 89 13 23 5 60 66 96 11 24 30 1 100 57 56 16 57 82 1 61 15 29 1 72 30 57 55 94 8 16 65 83 28 48 21 43 65 18 72 85 69 15
71 63 27 94 94 20 18 43 26 100 4 12 70 68 45 63 98 3 60 76 26 10 65 37 47 14 89 45 28 69 20 4 79 48 28 12 98 28 84 98 15 14 55 48 15 38 25 8 14 27 78 61 31 38 94 69 26 94 89 24 8 83 68 84 64 47 77 97 35 34 90 85 26 15 59 51 28 75 59 8 33 10 12 72 63 25 33 3 76 21 59 53 54 25 12 62 91 61 2 40
71 18 1 56 22 42 83 46 22 65 98 34 44 85 14 71 32 66 66 75 64 22 18 42 85 67 83 3 97 53 29 8 55 52 83 42 18 7 38 38 20 90 86 69 73 19 40 77 84 11 87 35 51 51 39 3 63 79 72 85 2 69 24 89 5 96 12 74 41 81 31 94 57 71 73 7 82 55 65 38 39 82 5 5 88 9 46 38 70 84 52 21 42 1 73 5 91 35 16 8
97 15 34 35 80 79 24 61 15 10 28 98 80 63 27 48 87 4 52 62 68 45 48 73 28 40 8 39 77 23 45 5 1 100 55 63 30 6 39 87 50 2 48 21 41 89 45 40 25 84 15 38 75 64 62 95 57 1 34 89 82 3 51 82 100 98 84 26 19 23 58 43 38 83 80 17 70 36 25 61 12 67 73 11 83 42 12 90 79 25 65 45 88 67 79 57 68 46 66 15
12 86 62 3 27 54 61 26 89 86 11 21 46 63 96 75 97 44 33 89 4 25 96 15 21 50 30 65 14 93 89 54 19 66 70 41 18 65 45 76 29 71 1 37 78 53 88 43 45 12 14 55 14 89 82 28 92 71 80 33 50 27 15 46 36 78 98 39 35 41 55 55 51 62 95 62 51 63 80 10 24 76 26 8 13 62 99 17 30 97 81 36 58 14 45 62 8 71 80 47
12 44 10 47 55 4 63 44 19 6 95 45 72 33 84 93 51 98 30 34 12 6 70 23 60 82 10 70 75 32 57 87 15 34 90 67 82 80 66 36 41 19 59 31 30 72 45 15 1 89 60 75 77 15 50 25 87 57 47 10 35 97 29 20 55 16 76 73 69 43 75 66 81 95 94 33 28 28 35 24 19 6 67 52 54 51 62 28 11 41 91 91 13 40 84 40 21 59 34 11
98 93 75 48 18 66 85 28 97 54 77 97 80 28 65 65 20 16 32 36 28 82 74 84 37 49 28 7 30 39 90 43 42 85 53 2 28 13 20 94 56 15 59 29 46 81 35 52 5 52 2 63 94 43 26 39 61 73 12 58 100 92 41 58 65 51 74 28 27 24 41 87 66 65 78 38 96 63 10 36 51 19 43 58 45 45 78 58 44 55 24 66 85 57 3 18 49 43 13 65
56 90 7 47 97 93 71 63 43 79 71 6 66 69 68 20 4 63 74 6 1 54 92 35 26 9 99 18 87 100 67 90 16 34 70 76 44 46 37 96 68 12 54 35 39 49 3 88 23 75 96 72 72 33 79 84 94 25 42 96 63 74 20 83 59 13 74 99 43 76 56 97 66 28 77 89 29 81 2 80 53 88 63 46 32 5 94 59 92 52 22 77 69 67 89 26 73 69 70 36
31 1 1 9 83 23 72 12 26 44 86 94 36 12 69 99 58 13 91 58 93 33 80 73 97 50 56 13 67 67 52 33 14 17 70 17 3 97 40 30 69 15 56 90 10 1 49 94 61 34 25 69 100 87 63 12 58 55 72 27 5 43 16 49 20 12 77 63 7 38 2 19 98 40 90 72 34 14 86 25 2 30 34 7 10 29 45 17 48 32 20 3 85 81 89 84 88 33 50 77
14 77 32 44 24 58 99 42 83 34 10 6 38 22 52 17 74 38 22 23 31 5 8 81 41 68 8 33 81 38 82 13 74 16 16 33 28 44 69 65 25 12 6 32 56 14 71 98 80 84 83 63 33 36 9 74 44 14 66 48 37 24 31 2 14 30 74 38 49 62 43 93 38 81 71 89 64 34 28 82 62 72 100 61 98 5 59 12 33 62 7 82 91 67 38 59 85 36 47 50
